124 99 77
115 90 70
128 102 85
129 106 88
117 94 76
112 89 73
120 99 80
126 105 86
123 102 81
121 100 79
119 99 75
119 99 75
122 100 76
123 101 77
125 101 75
127 103 77
131 105 78
132 106 79
130 105 75
131 105 78
135 109 82
138 112 85
137 111 84
133 106 79
130 103 76
128 100 76
126 98 74
123 95 71
121 93 69
122 92 68
121 93 69
125 94 73
124 96 72
123 95 71
119 93 68
117 89 65
116 90 65
118 90 66
116 90 63
114 87 60
110 84 57
111 84 57
109 83 56
109 82 55
109 83 56
110 83 56
108 83 53
107 80 51
105 78 49
103 76 47
102 75 46
101 74 45
99 72 43
98 71 42
97 70 41
96 69 40
96 69 39
93 66 36
91 66 35
91 66 35
91 66 35
92 67 36
93 68 37
94 69 38
95 70 39
94 69 39
93 68 38
93 68 38
91 66 35
90 65 34
91 66 35
94 69 38
97 72 41
92 68 34
100 76 42
106 82 48
107 83 49
108 84 48
