56 27 21
57 26 21
58 27 22
59 28 23
61 28 23
61 28 21
62 27 21
61 26 20
63 28 22
68 33 27
77 40 32
82 45 37
83 46 38
81 44 36
78 40 31
76 36 28
79 34 28
80 31 26
83 34 29
91 40 36
101 46 43
107 49 47
112 52 52
116 56 56
124 62 63
127 65 68
131 69 72
132 70 73
133 68 72
131 69 72
131 69 72
134 69 73
128 62 66
134 65 68
140 71 76
142 76 78
142 76 80
140 76 77
138 73 77
137 73 74
126 61 65
127 63 64
130 65 69
132 68 69
133 67 71
132 66 68
131 65 69
129 63 65
130 64 65
127 62 60
125 60 58
125 60 58
126 61 59
129 65 63
136 75 72
145 86 82
142 83 79
131 73 69
121 63 59
116 61 56
121 66 61
126 73 67
127 74 68
124 74 65
137 87 76
139 91 79
126 78 66
107 61 48
104 57 47
101 57 46
96 52 41
94 52 40
89 46 37
92 52 42
95 57 48
92 54 45
81 44 35
77 40 31
86 49 40
98 61 52
87 50 41
90 53 44
92 58 48
