133 121 107
138 120 98
139 119 92
138 117 90
138 114 88
138 112 85
136 110 83
137 110 81
137 110 81
139 110 80
136 107 75
135 105 71
135 105 71
136 107 73
138 109 75
140 112 75
141 113 76
139 110 76
140 111 77
140 111 77
139 110 76
142 112 78
147 117 83
151 121 87
151 121 87
151 121 85
152 122 86
152 122 86
152 122 86
153 120 85
154 121 86
157 124 89
159 126 91
159 125 90
157 123 88
157 123 88
160 126 91
162 126 90
160 124 88
161 125 89
163 127 91
163 125 89
163 125 89
164 126 90
165 127 91
167 127 91
165 125 89
162 122 86
159 119 83
164 120 85
164 120 85
164 120 85
164 120 85
164 120 85
165 121 86
166 122 87
167 123 88
170 125 92
170 125 92
171 126 93
171 126 93
171 126 93
170 125 92
169 124 91
167 122 89
167 124 92
166 123 91
165 122 90
166 123 91
167 123 94
166 122 93
163 122 92
161 120 90
164 125 94
162 123 92
154 118 86
144 109 77
132 99 66
124 94 60
121 92 58
121 92 60
119 92 62
117 90 60
115 88 58
113 86 56
114 85 55
115 86 56
116 87 57
116 87 55
118 89 57
116 87 55
114 85 53
112 83 51
113 82 51
112 81 50
111 80 49
109 78 47
114 81 50
115 82 51
117 84 53
118 85 54
117 84 53
114 81 50
111 78 47
109 76 45
113 82 51
114 83 52
116 85 54
117 86 55
117 86 55
117 86 55
118 87 56
119 88 57
119 88 57
121 90 59
121 90 59
121 90 59
120 89 58
119 90 58
121 92 60
122 93 61
120 94 61
118 92 59
116 90 57
117 91 58
119 93 60
120 94 61
117 93 59
115 91 57
113 89 55
115 91 57
119 93 60
120 94 61
119 90 58
116 87 55
118 87 56
124 93 62
130 97 66
135 102 71
144 109 79
150 115 85
152 117 85
153 118 86
154 118 86
155 119 87
155 118 89
152 117 87
152 116 84
154 118 86
157 121 89
156 120 86
154 118 84
152 116 82
153 117 81
154 116 80
152 114 77
151 113 76
152 114 75
153 115 76
155 117 78
156 118 79
157 117 81
156 116 80
154 114 78
154 114 78
153 115 78
154 116 79
153 115 78
153 115 78
148 112 76
150 114 78
150 114 78
146 110 74
141 107 70
138 104 67
139 105 68
140 108 70
136 103 68
131 101 65
128 98 62
130 100 64
132 102 68
133 103 69
129 99 65
125 95 61
124 95 63
119 90 58
117 88 58
121 92 62
127 98 68
128 99 69
126 97 67
125 96 66
124 95 65
125 96 66
123 96 66
124 97 67
124 99 68
124 99 68
125 100 69
125 100 69
123 98 68
123 98 68
125 98 69
126 99 70
128 98 70
127 97 69
127 96 68
125 95 67
126 101 70
126 103 71
129 104 74
130 105 75
130 104 77
131 105 78
132 108 82
132 110 86
127 109 87
