-0.53 -77.04 -31.55 1.00
-52.30 47.19 -40.86 1.00
-45.53 54.24 -30.89 1.00
-33.55 56.91 -22.83 1.00
-23.09 56.01 -19.61 1.00
-10.41 51.43 -18.67 1.00
11.28 51.21 -19.00 1.00
23.62 55.82 -20.24 1.00
33.57 56.75 -23.14 1.00
45.12 54.57 -30.34 1.00
52.08 47.98 -39.35 1.00
0.24 38.64 -21.48 1.00
-0.00 22.22 -16.61 1.00
-0.13 10.12 -7.93 1.00
-0.46 -0.02 -2.73 1.00
-11.22 -12.83 -20.34 1.00
-6.14 -15.05 -17.35 1.00
0.00 -15.81 -15.90 1.00
6.28 -14.91 -17.44 1.00
11.38 -12.67 -20.58 1.00
-43.78 34.84 -34.11 1.00
-34.21 38.01 -26.99 1.00
-24.63 38.14 -26.56 1.00
-18.28 30.01 -28.94 1.00
-28.07 27.87 -28.34 1.00
-33.97 29.89 -29.10 1.00
18.00 29.53 -29.06 1.00
24.62 37.51 -27.05 1.00
34.20 37.19 -27.50 1.00
43.41 34.45 -34.32 1.00
34.03 29.11 -29.57 1.00
28.03 27.10 -28.70 1.00
-21.52 -37.02 -27.25 1.00
-17.20 -30.85 -21.29 1.00
-5.78 -27.15 -14.34 1.00
0.19 -27.51 -13.39 1.00
6.22 -27.06 -14.63 1.00
17.40 -30.69 -21.79 1.00
21.43 -36.84 -28.12 1.00
16.57 -40.79 -23.82 1.00
8.79 -45.33 -17.53 1.00
0.38 -46.61 -15.92 1.00
-8.25 -45.41 -17.10 1.00
-16.22 -41.15 -23.33 1.00
-11.61 -35.81 -20.96 1.00
0.38 -35.80 -17.40 1.00
11.92 -35.64 -21.55 1.00
11.94 -35.45 -21.37 1.00
0.35 -35.64 -17.01 1.00
-11.58 -35.60 -20.86 1.00
-65.80 32.99 -74.56 1.00
-65.71 19.57 -79.57 1.00
-63.22 -2.76 -87.77 1.00
-58.11 -19.44 -87.42 1.00
-52.44 -40.23 -81.51 1.00
-42.79 -55.31 -67.55 1.00
-26.05 -70.55 -50.03 1.00
-17.86 -75.32 -43.64 1.00
16.43 -75.51 -44.65 1.00
24.74 -70.87 -50.77 1.00
42.22 -55.24 -67.60 1.00
51.79 -39.24 -80.87 1.00
54.91 -29.53 -84.96 1.00
59.80 -7.76 -88.94 1.00
63.36 7.76 -84.26 1.00
65.40 29.26 -78.36 1.00
