135 106 76
135 106 76
136 107 77
135 106 76
129 100 70
118 88 60
107 80 53
103 77 52
98 72 47
91 65 40
81 55 32
72 46 23
71 44 23
74 49 27
63 38 16
63 41 18
60 38 17
54 32 11
51 30 11
54 33 14
55 34 15
54 33 14
46 25 8
52 31 14
56 35 18
54 33 16
51 30 13
51 32 15
58 39 22
64 45 28
54 35 18
54 35 18
54 35 18
54 37 19
55 38 20
59 42 24
64 47 29
68 51 33
85 66 49
78 59 42
70 51 36
70 51 34
76 57 42
81 62 45
80 61 46
76 57 40
83 64 49
68 49 32
71 52 37
68 49 32
61 42 27
87 68 51
95 76 61
58 39 24
74 55 40
82 63 48
91 72 57
88 69 52
74 55 38
66 47 30
78 59 42
96 78 58
97 79 59
87 69 49
87 68 51
96 77 60
97 78 61
85 66 51
80 61 46
86 67 53
81 62 48
99 80 66
99 80 65
90 71 56
91 70 53
63 42 25
93 72 53
96 75 54
121 99 76
113 91 68
93 69 45
