0.44 -79.68 -29.05 1.00
-53.74 48.78 -42.45 1.00
-46.82 55.81 -32.06 1.00
-34.64 58.29 -23.69 1.00
-23.71 57.25 -20.31 1.00
-10.51 52.46 -19.04 1.00
11.21 52.01 -19.46 1.00
24.05 56.57 -21.01 1.00
34.36 57.36 -24.06 1.00
46.02 55.37 -31.31 1.00
53.01 48.89 -40.54 1.00
0.26 39.60 -21.04 1.00
0.03 22.52 -16.13 1.00
-0.16 9.84 -7.72 1.00
-0.37 -0.53 -2.61 1.00
-11.45 -13.64 -21.26 1.00
-6.35 -15.87 -18.38 1.00
-0.24 -16.65 -17.02 1.00
6.08 -15.70 -18.50 1.00
11.03 -13.39 -21.47 1.00
-44.59 35.63 -33.14 1.00
-34.78 38.94 -26.13 1.00
-25.18 38.98 -25.81 1.00
-18.75 30.65 -28.12 1.00
-28.58 28.75 -27.23 1.00
-34.48 30.78 -27.92 1.00
18.71 30.19 -28.36 1.00
25.49 38.19 -26.54 1.00
34.98 37.86 -26.99 1.00
44.03 34.92 -33.71 1.00
34.72 29.95 -28.81 1.00
28.84 27.95 -27.87 1.00
-21.60 -38.18 -27.93 1.00
-17.28 -31.88 -22.26 1.00
-5.96 -28.01 -15.54 1.00
0.08 -28.41 -14.64 1.00
6.04 -27.92 -15.77 1.00
17.14 -31.41 -22.54 1.00
21.34 -37.69 -28.44 1.00
16.72 -41.85 -23.78 1.00
8.85 -46.35 -17.27 1.00
0.39 -47.45 -15.65 1.00
-8.29 -46.55 -16.87 1.00
-16.41 -42.46 -23.57 1.00
-11.75 -36.88 -21.70 1.00
0.18 -36.63 -17.99 1.00
11.89 -36.45 -22.10 1.00
11.90 -36.21 -21.90 1.00
0.15 -36.46 -17.60 1.00
-11.72 -36.62 -21.60 1.00
-67.29 34.42 -76.70 1.00
-67.43 20.61 -81.48 1.00
-65.47 -2.53 -88.94 1.00
-60.13 -19.75 -88.09 1.00
-53.53 -41.61 -81.31 1.00
-42.95 -57.23 -67.23 1.00
-34.27 -65.95 -56.84 1.00
-17.49 -77.65 -42.38 1.00
17.25 -77.59 -43.36 1.00
25.24 -72.84 -49.53 1.00
42.20 -56.61 -66.86 1.00
52.11 -40.26 -80.06 1.00
55.65 -30.47 -84.25 1.00
60.76 -8.02 -89.14 1.00
64.03 7.94 -84.71 1.00
65.91 29.77 -79.19 1.00
