1.44 -75.54 -39.05 1.00
-57.33 48.77 -44.50 1.00
-50.79 56.92 -33.49 1.00
-38.33 60.43 -24.11 1.00
-25.88 58.69 -19.04 1.00
-11.08 53.20 -16.74 1.00
10.95 52.96 -16.89 1.00
25.46 58.29 -18.90 1.00
37.32 60.03 -23.38 1.00
51.33 55.64 -33.66 1.00
59.28 47.06 -46.98 1.00
-0.33 41.39 -18.42 1.00
-0.72 25.05 -12.65 1.00
-1.03 11.70 -3.55 1.00
-1.25 0.68 1.94 1.00
-11.43 -13.28 -17.62 1.00
-6.59 -15.89 -14.21 1.00
-0.26 -16.97 -12.46 1.00
6.05 -15.83 -13.71 1.00
11.04 -13.22 -16.98 1.00
-47.92 34.51 -36.15 1.00
-38.40 38.19 -27.07 1.00
-27.71 39.03 -26.38 1.00
-20.10 30.99 -28.46 1.00
-30.87 28.11 -28.63 1.00
-37.45 29.87 -29.79 1.00
19.63 30.39 -28.15 1.00
26.92 38.07 -26.01 1.00
37.65 36.92 -26.68 1.00
47.87 33.61 -35.97 1.00
37.00 28.74 -29.38 1.00
30.57 27.09 -28.24 1.00
-20.19 -38.55 -25.52 1.00
-16.65 -32.44 -18.87 1.00
-5.92 -29.10 -12.17 1.00
0.00 -29.78 -11.36 1.00
5.86 -28.97 -11.99 1.00
16.80 -32.25 -18.37 1.00
20.81 -38.33 -24.66 1.00
16.08 -42.56 -21.81 1.00
8.61 -47.61 -17.79 1.00
0.76 -48.53 -17.08 1.00
-7.72 -47.46 -18.19 1.00
-15.07 -42.74 -22.78 1.00
-11.05 -37.56 -19.66 1.00
0.34 -37.57 -16.36 1.00
11.48 -37.20 -18.91 1.00
11.46 -37.46 -19.02 1.00
0.36 -37.85 -16.66 1.00
-11.00 -37.82 -19.79 1.00
-68.43 33.07 -86.36 1.00
-67.19 18.38 -93.14 1.00
-64.09 2.93 -96.32 1.00
-56.95 -21.63 -98.39 1.00
-51.59 -32.48 -96.11 1.00
-42.44 -49.04 -86.43 1.00
-29.13 -63.88 -67.29 1.00
-13.86 -73.53 -55.01 1.00
17.69 -72.43 -55.67 1.00
32.44 -62.56 -67.73 1.00
45.47 -48.13 -87.54 1.00
54.07 -32.36 -97.71 1.00
62.27 -12.22 -102.77 1.00
65.96 3.47 -98.92 1.00
69.30 18.54 -96.28 1.00
70.94 33.89 -89.86 1.00
