version: 1
n_points: 68
{
192 359
194 396
201 433
209 467
220 500
239 529
263 551
292 567
322 571
352 565
377 549
402 526
421 498
432 464
438 430
443 394
445 359
211 337
228 319
252 317
275 322
296 332
342 332
365 322
388 317
410 320
423 336
321 366
321 391
321 416
320 442
296 456
308 460
321 462
333 460
343 458
238 369
253 362
270 364
283 374
268 378
251 377
354 374
368 363
385 363
399 369
387 378
370 378
282 498
299 490
311 485
321 489
332 486
346 491
359 497
346 507
333 514
320 516
310 515
298 509
288 498
311 498
321 499
332 497
353 498
332 497
320 499
310 498
}